0 0.37421875 0.6421875 0.0828125 0.0578125
0 0.36640625 0.58671875 0.0828125 0.05234375
0 0.371875 0.48515625 0.08671875 0.0484375
0 0.36875 0.4234375 0.08828125 0.05390625
0 0.36953125 0.36875 0.08984375 0.03828125
0 0.371875 0.31796875 0.08671875 0.05390625
0 0.3703125 0.2625 0.0796875 0.0484375
0 0.375 0.2171875 0.0765625 0.0453125
0 0.3734375 0.15 0.06953125 0.046875
0 0.3765625 0.10703125 0.06796875 0.0359375
0 0.46953125 0.50625 0.078125 0.05625
0 0.46171875 0.440625 0.06640625 0.05390625
0 0.46015625 0.3609375 0.0703125 0.0578125
0 0.46328125 0.296875 0.06953125 0.0578125
0 0.46171875 0.21796875 0.0703125 0.059375
0 0.46328125 0.1578125 0.06953125 0.0671875
0 0.46640625 0.103125 0.07265625 0.05859375
0 0.46328125 0.72578125 0.06953125 0.06171875
0 0.46484375 0.65234375 0.0765625 0.05625
0 0.55546875 0.434375 0.078125 0.0640625
0 0.553125 0.3703125 0.07421875 0.059375
0 0.55390625 0.2984375 0.075 0.06171875
0 0.55234375 0.23125 0.08359375 0.05625
0 0.553125 0.16015625 0.08203125 0.0546875
0 0.55 0.09296875 0.0671875 0.06015625
0 0.5609375 0.671875 0.06953125 0.053125
0 0.55859375 0.58671875 0.08125 0.05859375
0 0.75625 0.2890625 0.0734375 0.05390625
0 0.753125 0.21875 0.071875 0.04921875
0 0.7484375 0.1484375 0.08125 0.04921875
0 0.7625 0.5109375 0.07890625 0.05390625
0 0.76015625 0.4328125 0.0703125 0.05546875