0 0.3704826124182771 0.6421875 0.08314884328594588 0.0578125
0 0.3629928201656035 0.58671875 0.08311702702916719 0.05234375
0 0.3690524435057787 0.48515625 0.0870005511314682 0.0484375
0 0.3662865126894236 0.4234375 0.0885948673882468 0.05390625
0 0.3673859252572102 0.36875 0.0900664637974506 0.03828125
0 0.3700251119272978 0.31796875 0.08703236738824689 0.05390625
0 0.3687853196746242 0.2625 0.0799693011314682 0.0484375
0 0.37373644008793316 0.2171875 0.0768261204133089 0.0453125
0 0.37256482552835674 0.15 0.06980396077238851 0.046875
0 0.3759398104030462 0.10703125 0.06817782825883123 0.0359375
0 0.4665859736582039 0.50625 0.07845225292686635 0.05625
0 0.45915526873954776 0.440625 0.06671986738824671 0.05390625
0 0.4580563770526084 0.3609375 0.07064884328594587 0.0578125
0 0.46155408177487267 0.296875 0.06986759328594587 0.0578125
0 0.4604506449083933 0.21796875 0.0706579336450254 0.059375
0 0.46236312373295857 0.1578125 0.06992213544042354 0.0671875
0 0.4658062863007452 0.103125 0.07299713846548564 0.05859375
0 0.45905877820751756 0.72578125 0.06989031918364486 0.06171875
0 0.46104852508425953 0.65234375 0.07688975292686635 0.05625
0 0.5529416301758663 0.434375 0.07849770472226432 0.0640625
0 0.5509705848981306 0.3703125 0.0745641836450254 0.059375
0 0.5521699914157929 0.2984375 0.07535906918364503 0.06171875
0 0.5509983768562166 0.23125 0.08392100292686636 0.05625
0 0.5521932381943392 0.16015625 0.08234941256778665 0.0546875
0 0.5494591236347628 0.09296875 0.06753747882456533 0.06015625
0 0.5570286455957645 0.671875 0.06984032220870695 0.053125
0 0.5551803201656036 0.58671875 0.08159088846548564 0.05859375
0 0.7545682835702707 0.2890625 0.07375111738824688 0.05390625
0 0.7518523497288535 0.21875 0.07216134631100797 0.04921875
0 0.7475739158874364 0.1484375 0.08153634631100797 0.04921875
0 0.759527452580965 0.5109375 0.07921986738824671 0.05390625
0 0.7576382205349459 0.4328125 0.07063520774732641 0.05546875