0 0.3337184967774949 0.81640625 0.1968028220082724 0.0609375
0 0.3212446740929048 0.684375 0.18522952267663592 0.0734375
0 0.3687458354153144 0.60390625 0.19388690734404496 0.07890625
0 0.32511346674090563 0.546875 0.21502611067790856 0.0828125
0 0.3740680400620426 0.45703125 0.2181783826782267 0.08515625
0 0.32499419338795205 0.40234375 0.21804202267663592 0.0734375
0 0.3772737613780889 0.3296875 0.2087942920114539 0.084375
0 0.3247476507001803 0.246875 0.22133974534531758 0.08828125
0 0.35442551269095346 0.17890625 0.18532952001113587 0.08203125
0 0.6254696447724042 0.77890625 0.16597099267981755 0.096875
0 0.7004963694302683 0.7140625 0.2018448580124083 0.09140625
0 0.6934191187539505 0.64296875 0.18849997334499946 0.0859375
0 0.6556640327418602 0.55390625 0.18377611067790872 0.0828125
0 0.6916373480664969 0.48984375 0.1884908826782267 0.08515625
0 0.6625214653882703 0.4046875 0.18058747601049951 0.07734375
0 0.7185163793761798 0.315625 0.21657952001113578 0.08203125
0 0.6715135626989076 0.2375 0.1837670200111358 0.08203125