0 0.32421875 0.81640625 0.19609375 0.0609375
0 0.31328125 0.684375 0.184375 0.0734375
0 0.36171875 0.60390625 0.19296875 0.07890625
0 0.31875 0.546875 0.2140625 0.0828125
0 0.36875 0.45703125 0.2171875 0.08515625
0 0.3203125 0.40234375 0.2171875 0.0734375
0 0.3734375 0.3296875 0.2078125 0.084375
0 0.321875 0.246875 0.2203125 0.08828125
0 0.35234375 0.17890625 0.184375 0.08203125
0 0.61640625 0.77890625 0.16484375 0.096875
0 0.6921875 0.7140625 0.20078125 0.09140625
0 0.6859375 0.64296875 0.1875 0.0859375
0 0.64921875 0.55390625 0.1828125 0.0828125
0 0.6859375 0.48984375 0.1875 0.08515625
0 0.6578125 0.4046875 0.1796875 0.07734375
0 0.71484375 0.315625 0.215625 0.08203125
0 0.66875 0.2375 0.1828125 0.08203125